Dynamical matrix file
default                                                                    
  3    5   0   7.2021431   0.0000000   0.0000000   0.0000000   0.0000000   0.0000000
Basis vectors
      1.004540000    0.000000000    0.000000000
      0.000000000    1.004540000    0.000000000
      0.000000000    0.000000000    1.240511000
           1  'Ti  '    43628.101584882053     
           2  'Sn  '    108197.54609942860     
           3  'O   '    14582.196445495396     
    1    2      0.0000000000      0.0000000000      1.1669813705
    2    1      0.5022700000      0.5022700000      0.6398993465
    3    3      0.5022700000      0.5022700000      0.1874332159
    4    3      0.5022700000      0.0000000000      0.7928383811
    5    3      0.0000000000      0.5022700000      0.7928383811

     Dynamical  Matrix in cartesian axes

     q = (    0.199096104   0.199096104   0.161223883 ) 

    1    1
  0.09828118   0.00000000     0.02777080   0.00000000     0.01711618  -0.00608059
  0.02777080   0.00000000     0.09828118   0.00000000     0.01711618  -0.00608059
  0.01711618   0.00608059     0.01711618   0.00608059     0.15950843   0.00000000
    1    2
  0.01256377  -0.01554570     0.04359752  -0.07947876     0.05516015  -0.04645746
  0.04359752  -0.07947876     0.01256377  -0.01554570     0.05516015  -0.04645746
  0.06436062  -0.01489793     0.06436062  -0.01489793    -0.06007646   0.03188739
    1    3
  0.00038553   0.00063466    -0.02039883   0.00190002    -0.02861591   0.03811120
 -0.02039883   0.00190002     0.00038553   0.00063466    -0.02861591   0.03811120
 -0.00659505   0.01599962    -0.00659505   0.01599962     0.02148611  -0.01261272
    1    4
 -0.01422513   0.01161683    -0.03499123   0.00580483    -0.01581044   0.00036784
 -0.02170617   0.01452633    -0.05563115   0.02000964    -0.00905449   0.00584600
 -0.00864661   0.01102961    -0.03032304  -0.00220558    -0.03113758   0.03176654
    1    5
 -0.05563115   0.02000964    -0.02170617   0.01452633    -0.00905449   0.00584600
 -0.03499123   0.00580483    -0.01422513   0.01161683    -0.01581044   0.00036784
 -0.03032304  -0.00220558    -0.00864661   0.01102961    -0.03113758   0.03176654
    2    1
  0.01256377   0.01554570     0.04359752   0.07947876     0.06436062   0.01489793
  0.04359752   0.07947876     0.01256377   0.01554570     0.06436062   0.01489793
  0.05516015   0.04645746     0.05516015   0.04645746    -0.06007646  -0.03188739
    2    2
  0.32591336   0.00000000     0.06029480   0.00000000     0.03471466   0.03840723
  0.06029480   0.00000000     0.32591336   0.00000000     0.03471466   0.03840723
  0.03471466  -0.03840723     0.03471466  -0.03840723     0.77799211   0.00000000
    2    3
 -0.05277148  -0.01506013    -0.00875762  -0.01522554    -0.02979186  -0.03971228
 -0.00875762  -0.01522554    -0.05277148  -0.01506013    -0.02979186  -0.03971228
 -0.00740778  -0.00826840    -0.00740778  -0.00826840    -0.53082724   0.02903316
    2    4
 -0.03977052  -0.02005323    -0.05271172  -0.04075880    -0.01455725  -0.00058096
 -0.02422989  -0.01012200    -0.11102735  -0.08267037    -0.01906666   0.00375613
 -0.02825351  -0.00735963    -0.02641823  -0.01948552    -0.04959815  -0.05151180
    2    5
 -0.11102735  -0.08267037    -0.02422989  -0.01012200    -0.01906666   0.00375613
 -0.05271172  -0.04075880    -0.03977052  -0.02005323    -0.01455725  -0.00058096
 -0.02641823  -0.01948552    -0.02825351  -0.00735963    -0.04959815  -0.05151180
    3    1
  0.00038553  -0.00063466    -0.02039883  -0.00190002    -0.00659505  -0.01599962
 -0.02039883  -0.00190002     0.00038553  -0.00063466    -0.00659505  -0.01599962
 -0.02861591  -0.03811120    -0.02861591  -0.03811120     0.02148611   0.01261272
    3    2
 -0.05277148   0.01506013    -0.00875762   0.01522554    -0.00740778   0.00826840
 -0.00875762   0.01522554    -0.05277148   0.01506013    -0.00740778   0.00826840
 -0.02979186   0.03971228    -0.02979186   0.03971228    -0.53082724  -0.02903316
    3    3
  0.05573966   0.00000000     0.01023353   0.00000000     0.00854645  -0.00512541
  0.01023353   0.00000000     0.05573966   0.00000000     0.00854645  -0.00512541
  0.00854645   0.00512541     0.00854645   0.00512541     0.57517146   0.00000000
    3    4
  0.00542888  -0.00034871     0.01055752  -0.00226861     0.01065002   0.00891202
  0.01518405  -0.00980266     0.00408826   0.00286331     0.01883637  -0.00775595
  0.02254576   0.00479502     0.06856463  -0.03692072    -0.02655274   0.00153748
    3    5
  0.00408826   0.00286331     0.01518405  -0.00980266     0.01883637  -0.00775595
  0.01055752  -0.00226861     0.00542888  -0.00034871     0.01065002   0.00891202
  0.06856463  -0.03692072     0.02254576   0.00479502    -0.02655274   0.00153748
    4    1
 -0.01422513  -0.01161683    -0.02170617  -0.01452633    -0.00864661  -0.01102961
 -0.03499123  -0.00580483    -0.05563115  -0.02000964    -0.03032304   0.00220558
 -0.01581044  -0.00036784    -0.00905449  -0.00584600    -0.03113758  -0.03176654
    4    2
 -0.03977052   0.02005323    -0.02422989   0.01012200    -0.02825351   0.00735963
 -0.05271172   0.04075880    -0.11102735   0.08267037    -0.02641823   0.01948552
 -0.01455725   0.00058096    -0.01906666  -0.00375613    -0.04959815   0.05151180
    4    3
  0.00542888   0.00034871     0.01518405   0.00980266     0.02254576  -0.00479502
  0.01055752   0.00226861     0.00408826  -0.00286331     0.06856463   0.03692072
  0.01065002  -0.00891202     0.01883637   0.00775595    -0.02655274  -0.00153748
    4    4
  0.14491814   0.00000000     0.02630181   0.00666240     0.00832821   0.00809886
  0.02630181  -0.00666240     0.33119266   0.00000000     0.01102304  -0.03233181
  0.00832821  -0.00809886     0.01102304   0.03233181     0.11624327   0.00000000
    4    5
 -0.04897081   0.00665205     0.05444848   0.00000000     0.00826974  -0.00673343
  0.10010536   0.00000000    -0.04897081  -0.00665205     0.01059842  -0.01487696
  0.01059842   0.01487696     0.00826974   0.00673343     0.02414303   0.00000000
    5    1
 -0.05563115  -0.02000964    -0.03499123  -0.00580483    -0.03032304   0.00220558
 -0.02170617  -0.01452633    -0.01422513  -0.01161683    -0.00864661  -0.01102961
 -0.00905449  -0.00584600    -0.01581044  -0.00036784    -0.03113758  -0.03176654
    5    2
 -0.11102735   0.08267037    -0.05271172   0.04075880    -0.02641823   0.01948552
 -0.02422989   0.01012200    -0.03977052   0.02005323    -0.02825351   0.00735963
 -0.01906666  -0.00375613    -0.01455725   0.00058096    -0.04959815   0.05151180
    5    3
  0.00408826  -0.00286331     0.01055752   0.00226861     0.06856463   0.03692072
  0.01518405   0.00980266     0.00542888   0.00034871     0.02254576  -0.00479502
  0.01883637   0.00775595     0.01065002  -0.00891202    -0.02655274  -0.00153748
    5    4
 -0.04897081  -0.00665205     0.10010536   0.00000000     0.01059842  -0.01487696
  0.05444848   0.00000000    -0.04897081   0.00665205     0.00826974  -0.00673343
  0.00826974   0.00673343     0.01059842   0.01487696     0.02414303   0.00000000
    5    5
  0.33119266   0.00000000     0.02630181  -0.00666240     0.01102304  -0.03233181
  0.02630181   0.00666240     0.14491814   0.00000000     0.00832821   0.00809886
  0.01102304   0.03233181     0.00832821  -0.00809886     0.11624327   0.00000000

     Dynamical  Matrix in cartesian axes

     q = (   -0.199096104  -0.199096104  -0.161223883 ) 

    1    1
  0.09828118  -0.00000000     0.02777080  -0.00000000     0.01711618   0.00608059
  0.02777080  -0.00000000     0.09828118  -0.00000000     0.01711618   0.00608059
  0.01711618  -0.00608059     0.01711618  -0.00608059     0.15950843  -0.00000000
    1    2
  0.01256377   0.01554570     0.04359752   0.07947876     0.05516015   0.04645746
  0.04359752   0.07947876     0.01256377   0.01554570     0.05516015   0.04645746
  0.06436062   0.01489793     0.06436062   0.01489793    -0.06007646  -0.03188739
    1    3
  0.00038553  -0.00063466    -0.02039883  -0.00190002    -0.02861591  -0.03811120
 -0.02039883  -0.00190002     0.00038553  -0.00063466    -0.02861591  -0.03811120
 -0.00659505  -0.01599962    -0.00659505  -0.01599962     0.02148611   0.01261272
    1    4
 -0.01422513  -0.01161683    -0.03499123  -0.00580483    -0.01581044  -0.00036784
 -0.02170617  -0.01452633    -0.05563115  -0.02000964    -0.00905449  -0.00584600
 -0.00864661  -0.01102961    -0.03032304   0.00220558    -0.03113758  -0.03176654
    1    5
 -0.05563115  -0.02000964    -0.02170617  -0.01452633    -0.00905449  -0.00584600
 -0.03499123  -0.00580483    -0.01422513  -0.01161683    -0.01581044  -0.00036784
 -0.03032304   0.00220558    -0.00864661  -0.01102961    -0.03113758  -0.03176654
    2    1
  0.01256377  -0.01554570     0.04359752  -0.07947876     0.06436062  -0.01489793
  0.04359752  -0.07947876     0.01256377  -0.01554570     0.06436062  -0.01489793
  0.05516015  -0.04645746     0.05516015  -0.04645746    -0.06007646   0.03188739
    2    2
  0.32591336  -0.00000000     0.06029480  -0.00000000     0.03471466  -0.03840723
  0.06029480  -0.00000000     0.32591336  -0.00000000     0.03471466  -0.03840723
  0.03471466   0.03840723     0.03471466   0.03840723     0.77799211  -0.00000000
    2    3
 -0.05277148   0.01506013    -0.00875762   0.01522554    -0.02979186   0.03971228
 -0.00875762   0.01522554    -0.05277148   0.01506013    -0.02979186   0.03971228
 -0.00740778   0.00826840    -0.00740778   0.00826840    -0.53082724  -0.02903316
    2    4
 -0.03977052   0.02005323    -0.05271172   0.04075880    -0.01455725   0.00058096
 -0.02422989   0.01012200    -0.11102735   0.08267037    -0.01906666  -0.00375613
 -0.02825351   0.00735963    -0.02641823   0.01948552    -0.04959815   0.05151180
    2    5
 -0.11102735   0.08267037    -0.02422989   0.01012200    -0.01906666  -0.00375613
 -0.05271172   0.04075880    -0.03977052   0.02005323    -0.01455725   0.00058096
 -0.02641823   0.01948552    -0.02825351   0.00735963    -0.04959815   0.05151180
    3    1
  0.00038553   0.00063466    -0.02039883   0.00190002    -0.00659505   0.01599962
 -0.02039883   0.00190002     0.00038553   0.00063466    -0.00659505   0.01599962
 -0.02861591   0.03811120    -0.02861591   0.03811120     0.02148611  -0.01261272
    3    2
 -0.05277148  -0.01506013    -0.00875762  -0.01522554    -0.00740778  -0.00826840
 -0.00875762  -0.01522554    -0.05277148  -0.01506013    -0.00740778  -0.00826840
 -0.02979186  -0.03971228    -0.02979186  -0.03971228    -0.53082724   0.02903316
    3    3
  0.05573966  -0.00000000     0.01023353  -0.00000000     0.00854645   0.00512541
  0.01023353  -0.00000000     0.05573966  -0.00000000     0.00854645   0.00512541
  0.00854645  -0.00512541     0.00854645  -0.00512541     0.57517146  -0.00000000
    3    4
  0.00542888   0.00034871     0.01055752   0.00226861     0.01065002  -0.00891202
  0.01518405   0.00980266     0.00408826  -0.00286331     0.01883637   0.00775595
  0.02254576  -0.00479502     0.06856463   0.03692072    -0.02655274  -0.00153748
    3    5
  0.00408826  -0.00286331     0.01518405   0.00980266     0.01883637   0.00775595
  0.01055752   0.00226861     0.00542888   0.00034871     0.01065002  -0.00891202
  0.06856463   0.03692072     0.02254576  -0.00479502    -0.02655274  -0.00153748
    4    1
 -0.01422513   0.01161683    -0.02170617   0.01452633    -0.00864661   0.01102961
 -0.03499123   0.00580483    -0.05563115   0.02000964    -0.03032304  -0.00220558
 -0.01581044   0.00036784    -0.00905449   0.00584600    -0.03113758   0.03176654
    4    2
 -0.03977052  -0.02005323    -0.02422989  -0.01012200    -0.02825351  -0.00735963
 -0.05271172  -0.04075880    -0.11102735  -0.08267037    -0.02641823  -0.01948552
 -0.01455725  -0.00058096    -0.01906666   0.00375613    -0.04959815  -0.05151180
    4    3
  0.00542888  -0.00034871     0.01518405  -0.00980266     0.02254576   0.00479502
  0.01055752  -0.00226861     0.00408826   0.00286331     0.06856463  -0.03692072
  0.01065002   0.00891202     0.01883637  -0.00775595    -0.02655274   0.00153748
    4    4
  0.14491814  -0.00000000     0.02630181  -0.00666240     0.00832821  -0.00809886
  0.02630181   0.00666240     0.33119266  -0.00000000     0.01102304   0.03233181
  0.00832821   0.00809886     0.01102304  -0.03233181     0.11624327  -0.00000000
    4    5
 -0.04897081  -0.00665205     0.05444848  -0.00000000     0.00826974   0.00673343
  0.10010536  -0.00000000    -0.04897081   0.00665205     0.01059842   0.01487696
  0.01059842  -0.01487696     0.00826974  -0.00673343     0.02414303  -0.00000000
    5    1
 -0.05563115   0.02000964    -0.03499123   0.00580483    -0.03032304  -0.00220558
 -0.02170617   0.01452633    -0.01422513   0.01161683    -0.00864661   0.01102961
 -0.00905449   0.00584600    -0.01581044   0.00036784    -0.03113758   0.03176654
    5    2
 -0.11102735  -0.08267037    -0.05271172  -0.04075880    -0.02641823  -0.01948552
 -0.02422989  -0.01012200    -0.03977052  -0.02005323    -0.02825351  -0.00735963
 -0.01906666   0.00375613    -0.01455725  -0.00058096    -0.04959815  -0.05151180
    5    3
  0.00408826   0.00286331     0.01055752  -0.00226861     0.06856463  -0.03692072
  0.01518405  -0.00980266     0.00542888  -0.00034871     0.02254576   0.00479502
  0.01883637  -0.00775595     0.01065002   0.00891202    -0.02655274   0.00153748
    5    4
 -0.04897081   0.00665205     0.10010536  -0.00000000     0.01059842   0.01487696
  0.05444848  -0.00000000    -0.04897081  -0.00665205     0.00826974   0.00673343
  0.00826974  -0.00673343     0.01059842  -0.01487696     0.02414303  -0.00000000
    5    5
  0.33119266  -0.00000000     0.02630181   0.00666240     0.01102304   0.03233181
  0.02630181  -0.00666240     0.14491814  -0.00000000     0.00832821  -0.00809886
  0.01102304  -0.03233181     0.00832821   0.00809886     0.11624327  -0.00000000

     Dynamical  Matrix in cartesian axes

     q = (    0.199096104  -0.199096104   0.161223883 ) 

    1    1
  0.09828118   0.00000000    -0.02777080   0.00000000     0.01711618  -0.00608059
 -0.02777080   0.00000000     0.09828118   0.00000000    -0.01711618   0.00608059
  0.01711618   0.00608059    -0.01711618  -0.00608059     0.15950843   0.00000000
    1    2
  0.01866725   0.00714497    -0.08906117  -0.01690342     0.06122909   0.03810428
 -0.08906117  -0.01690342     0.01866725   0.00714497    -0.06122909  -0.03810428
  0.03405730   0.05660688    -0.03405730  -0.05660688    -0.04889136  -0.04728236
    1    3
 -0.00048447   0.00056278     0.00811061   0.01881330    -0.04508870  -0.01543834
  0.00811061   0.01881330    -0.00048447   0.00056278     0.04508870   0.01543834
 -0.01725452  -0.00132811     0.01725452   0.00132811     0.01863498   0.01653696
    1    4
 -0.01422513   0.01161683     0.03499123  -0.00580483    -0.01581044   0.00036784
  0.02170617  -0.01452633    -0.05563115   0.02000964     0.00905449  -0.00584600
 -0.00864661   0.01102961     0.03032304   0.00220558    -0.03113758   0.03176654
    1    5
 -0.03622127  -0.04672505     0.02052293   0.01615491    -0.00835786  -0.00680482
  0.01633361   0.03148485    -0.01544407  -0.00993911     0.00523553   0.01492296
 -0.00727271  -0.02952049     0.01316174   0.00481508    -0.03983382  -0.01979720
    2    1
  0.01866725  -0.00714497    -0.08906117   0.01690342     0.03405730  -0.05660688
 -0.08906117   0.01690342     0.01866725  -0.00714497    -0.03405730   0.05660688
  0.06122909  -0.03810428    -0.06122909   0.03810428    -0.04889136   0.04728236
    2    2
  0.32591336   0.00000000    -0.06029480   0.00000000     0.03471466   0.03840723
 -0.06029480   0.00000000     0.32591336   0.00000000    -0.03471466  -0.03840723
  0.03471466  -0.03840723    -0.03471466   0.03840723     0.77799211   0.00000000
    2    3
 -0.05277148  -0.01506013     0.00875762   0.01522554    -0.02979186  -0.03971228
  0.00875762   0.01522554    -0.05277148  -0.01506013     0.02979186   0.03971228
 -0.00740778  -0.00826840     0.00740778   0.00826840    -0.53082724   0.02903316
    2    4
 -0.03136153   0.03162722     0.05505274  -0.03753666    -0.00505096   0.01366524
  0.01711404  -0.01991613    -0.11293353   0.08004674     0.00231963  -0.01929418
 -0.01573024   0.02459644     0.02669551  -0.01910387    -0.06431731   0.03125263
    2    5
 -0.11102735  -0.08267037     0.02422989   0.01012200    -0.01906666   0.00375613
  0.05271172   0.04075880    -0.03977052  -0.02005323     0.01455725   0.00058096
 -0.02641823  -0.01948552     0.02825351   0.00735963    -0.04959815  -0.05151180
    3    1
 -0.00048447  -0.00056278     0.00811061  -0.01881330    -0.01725452   0.00132811
  0.00811061  -0.01881330    -0.00048447  -0.00056278     0.01725452  -0.00132811
 -0.04508870   0.01543834     0.04508870  -0.01543834     0.01863498  -0.01653696
    3    2
 -0.05277148   0.01506013     0.00875762  -0.01522554    -0.00740778   0.00826840
  0.00875762  -0.01522554    -0.05277148   0.01506013     0.00740778  -0.00826840
 -0.02979186   0.03971228     0.02979186  -0.03971228    -0.53082724  -0.02903316
    3    3
  0.05573966   0.00000000    -0.01023353   0.00000000     0.00854645  -0.00512541
 -0.01023353   0.00000000     0.05573966   0.00000000    -0.00854645   0.00512541
  0.00854645   0.00512541    -0.00854645  -0.00512541     0.57517146   0.00000000
    3    4
  0.00134598  -0.00527093    -0.00110487   0.01074183     0.01176688  -0.00737480
  0.00463075   0.01747008     0.00398651  -0.00300336     0.00155559   0.02031117
  0.01152736  -0.01996055     0.01392605   0.07661797    -0.00674302   0.02572826
    3    5
  0.00408826   0.00286331    -0.01518405   0.00980266     0.01883637  -0.00775595
 -0.01055752   0.00226861     0.00542888  -0.00034871    -0.01065002  -0.00891202
  0.06856463  -0.03692072    -0.02254576  -0.00479502    -0.02655274   0.00153748
    4    1
 -0.01422513  -0.01161683     0.02170617   0.01452633    -0.00864661  -0.01102961
  0.03499123   0.00580483    -0.05563115  -0.02000964     0.03032304  -0.00220558
 -0.01581044  -0.00036784     0.00905449   0.00584600    -0.03113758  -0.03176654
    4    2
 -0.03136153  -0.03162722     0.01711404   0.01991613    -0.01573024  -0.02459644
  0.05505274   0.03753666    -0.11293353  -0.08004674     0.02669551   0.01910387
 -0.00505096  -0.01366524     0.00231963   0.01929418    -0.06431731  -0.03125263
    4    3
  0.00134598   0.00527093     0.00463075  -0.01747008     0.01152736   0.01996055
 -0.00110487  -0.01074183     0.00398651   0.00300336     0.01392605  -0.07661797
  0.01176688   0.00737480     0.00155559  -0.02031117    -0.00674302  -0.02572826
    4    4
  0.14491814   0.00000000    -0.02630181  -0.00666240     0.00832821   0.00809886
 -0.02630181   0.00666240     0.33119266   0.00000000    -0.01102304   0.03233181
  0.00832821  -0.00809886    -0.01102304  -0.03233181     0.11624327   0.00000000
    4    5
 -0.02145929  -0.04451842    -0.01682551  -0.05178358     0.00895936   0.00578424
 -0.03093426  -0.09520586    -0.00880634  -0.04862961    -0.01742392  -0.00548247
 -0.01087373   0.01467693     0.00384838  -0.00994573     0.00746061   0.02296139
    5    1
 -0.03622127   0.04672505     0.01633361  -0.03148485    -0.00727271   0.02952049
  0.02052293  -0.01615491    -0.01544407   0.00993911     0.01316174  -0.00481508
 -0.00835786   0.00680482     0.00523553  -0.01492296    -0.03983382   0.01979720
    5    2
 -0.11102735   0.08267037     0.05271172  -0.04075880    -0.02641823   0.01948552
  0.02422989  -0.01012200    -0.03977052   0.02005323     0.02825351  -0.00735963
 -0.01906666  -0.00375613     0.01455725  -0.00058096    -0.04959815   0.05151180
    5    3
  0.00408826  -0.00286331    -0.01055752  -0.00226861     0.06856463   0.03692072
 -0.01518405  -0.00980266     0.00542888   0.00034871    -0.02254576   0.00479502
  0.01883637   0.00775595    -0.01065002   0.00891202    -0.02655274  -0.00153748
    5    4
 -0.02145929   0.04451842    -0.03093426   0.09520586    -0.01087373  -0.01467693
 -0.01682551   0.05178358    -0.00880634   0.04862961     0.00384838   0.00994573
  0.00895936  -0.00578424    -0.01742392   0.00548247     0.00746061  -0.02296139
    5    5
  0.33119266   0.00000000    -0.02630181   0.00666240     0.01102304  -0.03233181
 -0.02630181  -0.00666240     0.14491814   0.00000000    -0.00832821  -0.00809886
  0.01102304   0.03233181    -0.00832821   0.00809886     0.11624327   0.00000000

     Dynamical  Matrix in cartesian axes

     q = (   -0.199096104   0.199096104  -0.161223883 ) 

    1    1
  0.09828118  -0.00000000    -0.02777080  -0.00000000     0.01711618   0.00608059
 -0.02777080  -0.00000000     0.09828118  -0.00000000    -0.01711618  -0.00608059
  0.01711618  -0.00608059    -0.01711618   0.00608059     0.15950843  -0.00000000
    1    2
  0.01866725  -0.00714497    -0.08906117   0.01690342     0.06122909  -0.03810428
 -0.08906117   0.01690342     0.01866725  -0.00714497    -0.06122909   0.03810428
  0.03405730  -0.05660688    -0.03405730   0.05660688    -0.04889136   0.04728236
    1    3
 -0.00048447  -0.00056278     0.00811061  -0.01881330    -0.04508870   0.01543834
  0.00811061  -0.01881330    -0.00048447  -0.00056278     0.04508870  -0.01543834
 -0.01725452   0.00132811     0.01725452  -0.00132811     0.01863498  -0.01653696
    1    4
 -0.01422513  -0.01161683     0.03499123   0.00580483    -0.01581044  -0.00036784
  0.02170617   0.01452633    -0.05563115  -0.02000964     0.00905449   0.00584600
 -0.00864661  -0.01102961     0.03032304  -0.00220558    -0.03113758  -0.03176654
    1    5
 -0.03622127   0.04672505     0.02052293  -0.01615491    -0.00835786   0.00680482
  0.01633361  -0.03148485    -0.01544407   0.00993911     0.00523553  -0.01492296
 -0.00727271   0.02952049     0.01316174  -0.00481508    -0.03983382   0.01979720
    2    1
  0.01866725   0.00714497    -0.08906117  -0.01690342     0.03405730   0.05660688
 -0.08906117  -0.01690342     0.01866725   0.00714497    -0.03405730  -0.05660688
  0.06122909   0.03810428    -0.06122909  -0.03810428    -0.04889136  -0.04728236
    2    2
  0.32591336  -0.00000000    -0.06029480  -0.00000000     0.03471466  -0.03840723
 -0.06029480  -0.00000000     0.32591336  -0.00000000    -0.03471466   0.03840723
  0.03471466   0.03840723    -0.03471466  -0.03840723     0.77799211  -0.00000000
    2    3
 -0.05277148   0.01506013     0.00875762  -0.01522554    -0.02979186   0.03971228
  0.00875762  -0.01522554    -0.05277148   0.01506013     0.02979186  -0.03971228
 -0.00740778   0.00826840     0.00740778  -0.00826840    -0.53082724  -0.02903316
    2    4
 -0.03136153  -0.03162722     0.05505274   0.03753666    -0.00505096  -0.01366524
  0.01711404   0.01991613    -0.11293353  -0.08004674     0.00231963   0.01929418
 -0.01573024  -0.02459644     0.02669551   0.01910387    -0.06431731  -0.03125263
    2    5
 -0.11102735   0.08267037     0.02422989  -0.01012200    -0.01906666  -0.00375613
  0.05271172  -0.04075880    -0.03977052   0.02005323     0.01455725  -0.00058096
 -0.02641823   0.01948552     0.02825351  -0.00735963    -0.04959815   0.05151180
    3    1
 -0.00048447   0.00056278     0.00811061   0.01881330    -0.01725452  -0.00132811
  0.00811061   0.01881330    -0.00048447   0.00056278     0.01725452   0.00132811
 -0.04508870  -0.01543834     0.04508870   0.01543834     0.01863498   0.01653696
    3    2
 -0.05277148  -0.01506013     0.00875762   0.01522554    -0.00740778  -0.00826840
  0.00875762   0.01522554    -0.05277148  -0.01506013     0.00740778   0.00826840
 -0.02979186  -0.03971228     0.02979186   0.03971228    -0.53082724   0.02903316
    3    3
  0.05573966  -0.00000000    -0.01023353  -0.00000000     0.00854645   0.00512541
 -0.01023353  -0.00000000     0.05573966  -0.00000000    -0.00854645  -0.00512541
  0.00854645  -0.00512541    -0.00854645   0.00512541     0.57517146  -0.00000000
    3    4
  0.00134598   0.00527093    -0.00110487  -0.01074183     0.01176688   0.00737480
  0.00463075  -0.01747008     0.00398651   0.00300336     0.00155559  -0.02031117
  0.01152736   0.01996055     0.01392605  -0.07661797    -0.00674302  -0.02572826
    3    5
  0.00408826  -0.00286331    -0.01518405  -0.00980266     0.01883637   0.00775595
 -0.01055752  -0.00226861     0.00542888   0.00034871    -0.01065002   0.00891202
  0.06856463   0.03692072    -0.02254576   0.00479502    -0.02655274  -0.00153748
    4    1
 -0.01422513   0.01161683     0.02170617  -0.01452633    -0.00864661   0.01102961
  0.03499123  -0.00580483    -0.05563115   0.02000964     0.03032304   0.00220558
 -0.01581044   0.00036784     0.00905449  -0.00584600    -0.03113758   0.03176654
    4    2
 -0.03136153   0.03162722     0.01711404  -0.01991613    -0.01573024   0.02459644
  0.05505274  -0.03753666    -0.11293353   0.08004674     0.02669551  -0.01910387
 -0.00505096   0.01366524     0.00231963  -0.01929418    -0.06431731   0.03125263
    4    3
  0.00134598  -0.00527093     0.00463075   0.01747008     0.01152736  -0.01996055
 -0.00110487   0.01074183     0.00398651  -0.00300336     0.01392605   0.07661797
  0.01176688  -0.00737480     0.00155559   0.02031117    -0.00674302   0.02572826
    4    4
  0.14491814  -0.00000000    -0.02630181   0.00666240     0.00832821  -0.00809886
 -0.02630181  -0.00666240     0.33119266  -0.00000000    -0.01102304  -0.03233181
  0.00832821   0.00809886    -0.01102304   0.03233181     0.11624327  -0.00000000
    4    5
 -0.02145929   0.04451842    -0.01682551   0.05178358     0.00895936  -0.00578424
 -0.03093426   0.09520586    -0.00880634   0.04862961    -0.01742392   0.00548247
 -0.01087373  -0.01467693     0.00384838   0.00994573     0.00746061  -0.02296139
    5    1
 -0.03622127  -0.04672505     0.01633361   0.03148485    -0.00727271  -0.02952049
  0.02052293   0.01615491    -0.01544407  -0.00993911     0.01316174   0.00481508
 -0.00835786  -0.00680482     0.00523553   0.01492296    -0.03983382  -0.01979720
    5    2
 -0.11102735  -0.08267037     0.05271172   0.04075880    -0.02641823  -0.01948552
  0.02422989   0.01012200    -0.03977052  -0.02005323     0.02825351   0.00735963
 -0.01906666   0.00375613     0.01455725   0.00058096    -0.04959815  -0.05151180
    5    3
  0.00408826   0.00286331    -0.01055752   0.00226861     0.06856463  -0.03692072
 -0.01518405   0.00980266     0.00542888  -0.00034871    -0.02254576  -0.00479502
  0.01883637  -0.00775595    -0.01065002  -0.00891202    -0.02655274   0.00153748
    5    4
 -0.02145929  -0.04451842    -0.03093426  -0.09520586    -0.01087373   0.01467693
 -0.01682551  -0.05178358    -0.00880634  -0.04862961     0.00384838  -0.00994573
  0.00895936   0.00578424    -0.01742392  -0.00548247     0.00746061   0.02296139
    5    5
  0.33119266  -0.00000000    -0.02630181  -0.00666240     0.01102304   0.03233181
 -0.02630181   0.00666240     0.14491814  -0.00000000    -0.00832821   0.00809886
  0.01102304  -0.03233181    -0.00832821  -0.00809886     0.11624327  -0.00000000

     Dynamical  Matrix in cartesian axes

     q = (   -0.199096104   0.199096104   0.161223883 ) 

    1    1
  0.09828118   0.00000000    -0.02777080   0.00000000    -0.01711618   0.00608059
 -0.02777080   0.00000000     0.09828118   0.00000000     0.01711618  -0.00608059
 -0.01711618  -0.00608059     0.01711618   0.00608059     0.15950843   0.00000000
    1    2
  0.01866725   0.00714497    -0.08906117  -0.01690342    -0.06122909  -0.03810428
 -0.08906117  -0.01690342     0.01866725   0.00714497     0.06122909   0.03810428
 -0.03405730  -0.05660688     0.03405730   0.05660688    -0.04889136  -0.04728236
    1    3
 -0.00048447   0.00056278     0.00811061   0.01881330     0.04508870   0.01543834
  0.00811061   0.01881330    -0.00048447   0.00056278    -0.04508870  -0.01543834
  0.01725452   0.00132811    -0.01725452  -0.00132811     0.01863498   0.01653696
    1    4
 -0.01544407  -0.00993911     0.01633361   0.03148485     0.00523553   0.01492296
  0.02052293   0.01615491    -0.03622127  -0.04672505    -0.00835786  -0.00680482
  0.01316174   0.00481508    -0.00727271  -0.02952049    -0.03983382  -0.01979720
    1    5
 -0.05563115   0.02000964     0.02170617  -0.01452633     0.00905449  -0.00584600
  0.03499123  -0.00580483    -0.01422513   0.01161683    -0.01581044   0.00036784
  0.03032304   0.00220558    -0.00864661   0.01102961    -0.03113758   0.03176654
    2    1
  0.01866725  -0.00714497    -0.08906117   0.01690342    -0.03405730   0.05660688
 -0.08906117   0.01690342     0.01866725  -0.00714497     0.03405730  -0.05660688
 -0.06122909   0.03810428     0.06122909  -0.03810428    -0.04889136   0.04728236
    2    2
  0.32591336   0.00000000    -0.06029480   0.00000000    -0.03471466  -0.03840723
 -0.06029480   0.00000000     0.32591336   0.00000000     0.03471466   0.03840723
 -0.03471466   0.03840723     0.03471466  -0.03840723     0.77799211   0.00000000
    2    3
 -0.05277148  -0.01506013     0.00875762   0.01522554     0.02979186   0.03971228
  0.00875762   0.01522554    -0.05277148  -0.01506013    -0.02979186  -0.03971228
  0.00740778   0.00826840    -0.00740778  -0.00826840    -0.53082724   0.02903316
    2    4
 -0.03977052  -0.02005323     0.05271172   0.04075880     0.01455725   0.00058096
  0.02422989   0.01012200    -0.11102735  -0.08267037    -0.01906666   0.00375613
  0.02825351   0.00735963    -0.02641823  -0.01948552    -0.04959815  -0.05151180
    2    5
 -0.11293353   0.08004674     0.01711404  -0.01991613     0.00231963  -0.01929418
  0.05505274  -0.03753666    -0.03136153   0.03162722    -0.00505096   0.01366524
  0.02669551  -0.01910387    -0.01573024   0.02459644    -0.06431731   0.03125263
    3    1
 -0.00048447  -0.00056278     0.00811061  -0.01881330     0.01725452  -0.00132811
  0.00811061  -0.01881330    -0.00048447  -0.00056278    -0.01725452   0.00132811
  0.04508870  -0.01543834    -0.04508870   0.01543834     0.01863498  -0.01653696
    3    2
 -0.05277148   0.01506013     0.00875762  -0.01522554     0.00740778  -0.00826840
  0.00875762  -0.01522554    -0.05277148   0.01506013    -0.00740778   0.00826840
  0.02979186  -0.03971228    -0.02979186   0.03971228    -0.53082724  -0.02903316
    3    3
  0.05573966   0.00000000    -0.01023353   0.00000000    -0.00854645   0.00512541
 -0.01023353   0.00000000     0.05573966   0.00000000     0.00854645  -0.00512541
 -0.00854645  -0.00512541     0.00854645   0.00512541     0.57517146   0.00000000
    3    4
  0.00542888  -0.00034871    -0.01055752   0.00226861    -0.01065002  -0.00891202
 -0.01518405   0.00980266     0.00408826   0.00286331     0.01883637  -0.00775595
 -0.02254576  -0.00479502     0.06856463  -0.03692072    -0.02655274   0.00153748
    3    5
  0.00398651  -0.00300336     0.00463075   0.01747008     0.00155559   0.02031117
 -0.00110487   0.01074183     0.00134598  -0.00527093     0.01176688  -0.00737480
  0.01392605   0.07661797     0.01152736  -0.01996055    -0.00674302   0.02572826
    4    1
 -0.01544407   0.00993911     0.02052293  -0.01615491     0.01316174  -0.00481508
  0.01633361  -0.03148485    -0.03622127   0.04672505    -0.00727271   0.02952049
  0.00523553  -0.01492296    -0.00835786   0.00680482    -0.03983382   0.01979720
    4    2
 -0.03977052   0.02005323     0.02422989  -0.01012200     0.02825351  -0.00735963
  0.05271172  -0.04075880    -0.11102735   0.08267037    -0.02641823   0.01948552
  0.01455725  -0.00058096    -0.01906666  -0.00375613    -0.04959815   0.05151180
    4    3
  0.00542888   0.00034871    -0.01518405  -0.00980266    -0.02254576   0.00479502
 -0.01055752  -0.00226861     0.00408826  -0.00286331     0.06856463   0.03692072
 -0.01065002   0.00891202     0.01883637   0.00775595    -0.02655274  -0.00153748
    4    4
  0.14491814   0.00000000    -0.02630181  -0.00666240    -0.00832821  -0.00809886
 -0.02630181   0.00666240     0.33119266   0.00000000     0.01102304  -0.03233181
 -0.00832821   0.00809886     0.01102304   0.03233181     0.11624327   0.00000000
    4    5
 -0.00880634   0.04862961    -0.01682551   0.05178358     0.00384838   0.00994573
 -0.03093426   0.09520586    -0.02145929   0.04451842    -0.01087373  -0.01467693
 -0.01742392   0.00548247     0.00895936  -0.00578424     0.00746061  -0.02296139
    5    1
 -0.05563115  -0.02000964     0.03499123   0.00580483     0.03032304  -0.00220558
  0.02170617   0.01452633    -0.01422513  -0.01161683    -0.00864661  -0.01102961
  0.00905449   0.00584600    -0.01581044  -0.00036784    -0.03113758  -0.03176654
    5    2
 -0.11293353  -0.08004674     0.05505274   0.03753666     0.02669551   0.01910387
  0.01711404   0.01991613    -0.03136153  -0.03162722    -0.01573024  -0.02459644
  0.00231963   0.01929418    -0.00505096  -0.01366524    -0.06431731  -0.03125263
    5    3
  0.00398651   0.00300336    -0.00110487  -0.01074183     0.01392605  -0.07661797
  0.00463075  -0.01747008     0.00134598   0.00527093     0.01152736   0.01996055
  0.00155559  -0.02031117     0.01176688   0.00737480    -0.00674302  -0.02572826
    5    4
 -0.00880634  -0.04862961    -0.03093426  -0.09520586    -0.01742392  -0.00548247
 -0.01682551  -0.05178358    -0.02145929  -0.04451842     0.00895936   0.00578424
  0.00384838  -0.00994573    -0.01087373   0.01467693     0.00746061   0.02296139
    5    5
  0.33119266   0.00000000    -0.02630181   0.00666240    -0.01102304   0.03233181
 -0.02630181  -0.00666240     0.14491814   0.00000000     0.00832821   0.00809886
 -0.01102304  -0.03233181     0.00832821  -0.00809886     0.11624327   0.00000000

     Dynamical  Matrix in cartesian axes

     q = (    0.199096104  -0.199096104  -0.161223883 ) 

    1    1
  0.09828118  -0.00000000    -0.02777080  -0.00000000    -0.01711618  -0.00608059
 -0.02777080  -0.00000000     0.09828118  -0.00000000     0.01711618   0.00608059
 -0.01711618   0.00608059     0.01711618  -0.00608059     0.15950843  -0.00000000
    1    2
  0.01866725  -0.00714497    -0.08906117   0.01690342    -0.06122909   0.03810428
 -0.08906117   0.01690342     0.01866725  -0.00714497     0.06122909  -0.03810428
 -0.03405730   0.05660688     0.03405730  -0.05660688    -0.04889136   0.04728236
    1    3
 -0.00048447  -0.00056278     0.00811061  -0.01881330     0.04508870  -0.01543834
  0.00811061  -0.01881330    -0.00048447  -0.00056278    -0.04508870   0.01543834
  0.01725452  -0.00132811    -0.01725452   0.00132811     0.01863498  -0.01653696
    1    4
 -0.01544407   0.00993911     0.01633361  -0.03148485     0.00523553  -0.01492296
  0.02052293  -0.01615491    -0.03622127   0.04672505    -0.00835786   0.00680482
  0.01316174  -0.00481508    -0.00727271   0.02952049    -0.03983382   0.01979720
    1    5
 -0.05563115  -0.02000964     0.02170617   0.01452633     0.00905449   0.00584600
  0.03499123   0.00580483    -0.01422513  -0.01161683    -0.01581044  -0.00036784
  0.03032304  -0.00220558    -0.00864661  -0.01102961    -0.03113758  -0.03176654
    2    1
  0.01866725   0.00714497    -0.08906117  -0.01690342    -0.03405730  -0.05660688
 -0.08906117  -0.01690342     0.01866725   0.00714497     0.03405730   0.05660688
 -0.06122909  -0.03810428     0.06122909   0.03810428    -0.04889136  -0.04728236
    2    2
  0.32591336  -0.00000000    -0.06029480  -0.00000000    -0.03471466   0.03840723
 -0.06029480  -0.00000000     0.32591336  -0.00000000     0.03471466  -0.03840723
 -0.03471466  -0.03840723     0.03471466   0.03840723     0.77799211  -0.00000000
    2    3
 -0.05277148   0.01506013     0.00875762  -0.01522554     0.02979186  -0.03971228
  0.00875762  -0.01522554    -0.05277148   0.01506013    -0.02979186   0.03971228
  0.00740778  -0.00826840    -0.00740778   0.00826840    -0.53082724  -0.02903316
    2    4
 -0.03977052   0.02005323     0.05271172  -0.04075880     0.01455725  -0.00058096
  0.02422989  -0.01012200    -0.11102735   0.08267037    -0.01906666  -0.00375613
  0.02825351  -0.00735963    -0.02641823   0.01948552    -0.04959815   0.05151180
    2    5
 -0.11293353  -0.08004674     0.01711404   0.01991613     0.00231963   0.01929418
  0.05505274   0.03753666    -0.03136153  -0.03162722    -0.00505096  -0.01366524
  0.02669551   0.01910387    -0.01573024  -0.02459644    -0.06431731  -0.03125263
    3    1
 -0.00048447   0.00056278     0.00811061   0.01881330     0.01725452   0.00132811
  0.00811061   0.01881330    -0.00048447   0.00056278    -0.01725452  -0.00132811
  0.04508870   0.01543834    -0.04508870  -0.01543834     0.01863498   0.01653696
    3    2
 -0.05277148  -0.01506013     0.00875762   0.01522554     0.00740778   0.00826840
  0.00875762   0.01522554    -0.05277148  -0.01506013    -0.00740778  -0.00826840
  0.02979186   0.03971228    -0.02979186  -0.03971228    -0.53082724   0.02903316
    3    3
  0.05573966  -0.00000000    -0.01023353  -0.00000000    -0.00854645  -0.00512541
 -0.01023353  -0.00000000     0.05573966  -0.00000000     0.00854645   0.00512541
 -0.00854645   0.00512541     0.00854645  -0.00512541     0.57517146  -0.00000000
    3    4
  0.00542888   0.00034871    -0.01055752  -0.00226861    -0.01065002   0.00891202
 -0.01518405  -0.00980266     0.00408826  -0.00286331     0.01883637   0.00775595
 -0.02254576   0.00479502     0.06856463   0.03692072    -0.02655274  -0.00153748
    3    5
  0.00398651   0.00300336     0.00463075  -0.01747008     0.00155559  -0.02031117
 -0.00110487  -0.01074183     0.00134598   0.00527093     0.01176688   0.00737480
  0.01392605  -0.07661797     0.01152736   0.01996055    -0.00674302  -0.02572826
    4    1
 -0.01544407  -0.00993911     0.02052293   0.01615491     0.01316174   0.00481508
  0.01633361   0.03148485    -0.03622127  -0.04672505    -0.00727271  -0.02952049
  0.00523553   0.01492296    -0.00835786  -0.00680482    -0.03983382  -0.01979720
    4    2
 -0.03977052  -0.02005323     0.02422989   0.01012200     0.02825351   0.00735963
  0.05271172   0.04075880    -0.11102735  -0.08267037    -0.02641823  -0.01948552
  0.01455725   0.00058096    -0.01906666   0.00375613    -0.04959815  -0.05151180
    4    3
  0.00542888  -0.00034871    -0.01518405   0.00980266    -0.02254576  -0.00479502
 -0.01055752   0.00226861     0.00408826   0.00286331     0.06856463  -0.03692072
 -0.01065002  -0.00891202     0.01883637  -0.00775595    -0.02655274   0.00153748
    4    4
  0.14491814  -0.00000000    -0.02630181   0.00666240    -0.00832821   0.00809886
 -0.02630181  -0.00666240     0.33119266  -0.00000000     0.01102304   0.03233181
 -0.00832821  -0.00809886     0.01102304  -0.03233181     0.11624327  -0.00000000
    4    5
 -0.00880634  -0.04862961    -0.01682551  -0.05178358     0.00384838  -0.00994573
 -0.03093426  -0.09520586    -0.02145929  -0.04451842    -0.01087373   0.01467693
 -0.01742392  -0.00548247     0.00895936   0.00578424     0.00746061   0.02296139
    5    1
 -0.05563115   0.02000964     0.03499123  -0.00580483     0.03032304   0.00220558
  0.02170617  -0.01452633    -0.01422513   0.01161683    -0.00864661   0.01102961
  0.00905449  -0.00584600    -0.01581044   0.00036784    -0.03113758   0.03176654
    5    2
 -0.11293353   0.08004674     0.05505274  -0.03753666     0.02669551  -0.01910387
  0.01711404  -0.01991613    -0.03136153   0.03162722    -0.01573024   0.02459644
  0.00231963  -0.01929418    -0.00505096   0.01366524    -0.06431731   0.03125263
    5    3
  0.00398651  -0.00300336    -0.00110487   0.01074183     0.01392605   0.07661797
  0.00463075   0.01747008     0.00134598  -0.00527093     0.01152736  -0.01996055
  0.00155559   0.02031117     0.01176688  -0.00737480    -0.00674302   0.02572826
    5    4
 -0.00880634   0.04862961    -0.03093426   0.09520586    -0.01742392   0.00548247
 -0.01682551   0.05178358    -0.02145929   0.04451842     0.00895936  -0.00578424
  0.00384838   0.00994573    -0.01087373  -0.01467693     0.00746061  -0.02296139
    5    5
  0.33119266  -0.00000000    -0.02630181  -0.00666240    -0.01102304  -0.03233181
 -0.02630181   0.00666240     0.14491814  -0.00000000     0.00832821  -0.00809886
 -0.01102304   0.03233181     0.00832821   0.00809886     0.11624327  -0.00000000

