Dynamical matrix file
default                                                                    
  3    5   0   7.2021431   0.0000000   0.0000000   0.0000000   0.0000000   0.0000000
Basis vectors
      1.004540000    0.000000000    0.000000000
      0.000000000    1.004540000    0.000000000
      0.000000000    0.000000000    1.240511000
           1  'Ti  '    43628.101584882053     
           2  'Sn  '    108197.54609942860     
           3  'O   '    14582.196445495396     
    1    2      0.0000000000      0.0000000000      1.1669813705
    2    1      0.5022700000      0.5022700000      0.6398993465
    3    3      0.5022700000      0.5022700000      0.1874332159
    4    3      0.5022700000      0.0000000000      0.7928383811
    5    3      0.0000000000      0.5022700000      0.7928383811

     Dynamical  Matrix in cartesian axes

     q = (    0.199096104   0.199096104   0.000000000 ) 

    1    1
  0.11465867   0.00000000     0.04240595   0.00000000     0.00000000  -0.00351302
  0.04240595   0.00000000     0.11465867   0.00000000     0.00000000  -0.00351302
  0.00000000   0.00351302     0.00000000   0.00351302     0.14165352   0.00000000
    1    2
  0.01075285  -0.03309388     0.03479396  -0.10708480    -0.00468628  -0.00152267
  0.03479396  -0.10708480     0.01075285  -0.03309388    -0.00468628  -0.00152267
  0.03477471   0.01129899     0.03477471   0.01129899    -0.03030234   0.09326100
    1    3
 -0.00151595   0.00466563    -0.00820251   0.02524472     0.02001973   0.00650481
 -0.00820251   0.02524472    -0.00151595   0.00466563     0.02001973   0.00650481
  0.01499581   0.00487243     0.01499581   0.00487243     0.01331417  -0.04097681
    1    4
 -0.02173500   0.01579140    -0.04260128   0.03095164    -0.00215635  -0.00296796
 -0.02901057   0.02107741    -0.06318444   0.04590618     0.00182493   0.00251180
  0.00431815   0.00594343    -0.00311044  -0.00428116    -0.02505166   0.01820109
    1    5
 -0.06318444   0.04590618    -0.02901057   0.02107741     0.00182493   0.00251180
 -0.04260128   0.03095164    -0.02173500   0.01579140    -0.00215635  -0.00296796
 -0.00311044  -0.00428116     0.00431815   0.00594343    -0.02505166   0.01820109
    2    1
  0.01075285   0.03309388     0.03479396   0.10708480     0.03477471  -0.01129899
  0.03479396   0.10708480     0.01075285   0.03309388     0.03477471  -0.01129899
 -0.00468628   0.00152267    -0.00468628   0.00152267    -0.03030234  -0.09326100
    2    2
  0.34555145   0.00000000     0.07795796   0.00000000     0.00000000   0.02663546
  0.07795796   0.00000000     0.34555145   0.00000000     0.00000000   0.02663546
  0.00000000  -0.02663546     0.00000000  -0.02663546     0.72944159   0.00000000
    2    3
 -0.06673963   0.00000000    -0.02291510   0.00000000     0.00000000  -0.02253289
 -0.02291510   0.00000000    -0.06673963   0.00000000     0.00000000  -0.02253289
  0.00000000  -0.00247135     0.00000000  -0.00247135    -0.48481213   0.00000000
    2    4
 -0.04660476  -0.03386034    -0.06681297  -0.04854246    -0.00376524   0.00518241
 -0.03108140  -0.02258196    -0.12529624  -0.09103304    -0.00721974   0.00993712
  0.00411164  -0.00565918     0.00434838  -0.00598503    -0.04152963  -0.03017304
    2    5
 -0.12529624  -0.09103304    -0.03108140  -0.02258196    -0.00721974   0.00993712
 -0.06681297  -0.04854246    -0.04660476  -0.03386034    -0.00376524   0.00518241
  0.00434838  -0.00598503     0.00411164  -0.00565918    -0.04152963  -0.03017304
    3    1
 -0.00151595  -0.00466563    -0.00820251  -0.02524472     0.01499581  -0.00487243
 -0.00820251  -0.02524472    -0.00151595  -0.00466563     0.01499581  -0.00487243
  0.02001973  -0.00650481     0.02001973  -0.00650481     0.01331417   0.04097681
    3    2
 -0.06673963   0.00000000    -0.02291510   0.00000000     0.00000000   0.00247135
 -0.02291510   0.00000000    -0.06673963   0.00000000     0.00000000   0.00247135
  0.00000000   0.02253289     0.00000000   0.02253289    -0.48481213   0.00000000
    3    3
  0.05763282   0.00000000     0.01168645   0.00000000     0.00000000  -0.00024173
  0.01168645   0.00000000     0.05763282   0.00000000     0.00000000  -0.00024173
  0.00000000   0.00024173     0.00000000   0.00024173     0.54810956   0.00000000
    3    4
  0.00765705   0.00556317     0.01273225   0.00925052    -0.00705306   0.00970770
  0.01738392   0.01263016     0.00627468   0.00455882     0.00508533  -0.00699935
 -0.00396748   0.00546077     0.02972945  -0.04091908    -0.03225580  -0.02343521
    3    5
  0.00627468   0.00455882     0.01738392   0.01263016     0.00508533  -0.00699935
  0.01273225   0.00925052     0.00765705   0.00556317    -0.00705306   0.00970770
  0.02972945  -0.04091908    -0.00396748   0.00546077    -0.03225580  -0.02343521
    4    1
 -0.02173500  -0.01579140    -0.02901057  -0.02107741     0.00431815  -0.00594343
 -0.04260128  -0.03095164    -0.06318444  -0.04590618    -0.00311044   0.00428116
 -0.00215635   0.00296796     0.00182493  -0.00251180    -0.02505166  -0.01820109
    4    2
 -0.04660476   0.03386034    -0.03108140   0.02258196     0.00411164   0.00565918
 -0.06681297   0.04854246    -0.12529624   0.09103304     0.00434838   0.00598503
 -0.00376524  -0.00518241    -0.00721974  -0.00993712    -0.04152963   0.03017304
    4    3
  0.00765705  -0.00556317     0.01738392  -0.01263016    -0.00396748  -0.00546077
  0.01273225  -0.00925052     0.00627468  -0.00455882     0.02972945   0.04091908
 -0.00705306  -0.00970770     0.00508533   0.00699935    -0.03225580   0.02343521
    4    4
  0.15230176   0.00000000     0.03777830   0.00000000     0.00000000   0.00590256
  0.03777830   0.00000000     0.34713158   0.00000000     0.00000000  -0.02985637
  0.00000000  -0.00590256     0.00000000   0.02985637     0.10914323   0.00000000
    4    5
 -0.03778071   0.00000000     0.06170160   0.00000000     0.00000000  -0.00873978
  0.11508936   0.00000000    -0.03778071   0.00000000     0.00000000  -0.01235929
  0.00000000   0.01235929     0.00000000   0.00873978     0.01779686   0.00000000
    5    1
 -0.06318444  -0.04590618    -0.04260128  -0.03095164    -0.00311044   0.00428116
 -0.02901057  -0.02107741    -0.02173500  -0.01579140     0.00431815  -0.00594343
  0.00182493  -0.00251180    -0.00215635   0.00296796    -0.02505166  -0.01820109
    5    2
 -0.12529624   0.09103304    -0.06681297   0.04854246     0.00434838   0.00598503
 -0.03108140   0.02258196    -0.04660476   0.03386034     0.00411164   0.00565918
 -0.00721974  -0.00993712    -0.00376524  -0.00518241    -0.04152963   0.03017304
    5    3
  0.00627468  -0.00455882     0.01273225  -0.00925052     0.02972945   0.04091908
  0.01738392  -0.01263016     0.00765705  -0.00556317    -0.00396748  -0.00546077
  0.00508533   0.00699935    -0.00705306  -0.00970770    -0.03225580   0.02343521
    5    4
 -0.03778071   0.00000000     0.11508936   0.00000000     0.00000000  -0.01235929
  0.06170160   0.00000000    -0.03778071   0.00000000     0.00000000  -0.00873978
  0.00000000   0.00873978     0.00000000   0.01235929     0.01779686   0.00000000
    5    5
  0.34713158   0.00000000     0.03777830   0.00000000     0.00000000  -0.02985637
  0.03777830   0.00000000     0.15230176   0.00000000     0.00000000   0.00590256
  0.00000000   0.02985637     0.00000000  -0.00590256     0.10914323   0.00000000

     Dynamical  Matrix in cartesian axes

     q = (    0.199096104  -0.199096104   0.000000000 ) 

    1    1
  0.11465867   0.00000000    -0.04240595   0.00000000     0.00000000  -0.00351302
 -0.04240595   0.00000000     0.11465867   0.00000000     0.00000000   0.00351302
  0.00000000   0.00351302     0.00000000  -0.00351302     0.14165352   0.00000000
    1    2
  0.03479696  -0.00000000    -0.11259562   0.00000000     0.00000000  -0.00492745
 -0.11259562   0.00000000     0.03479696  -0.00000000     0.00000000   0.00492745
  0.00000000   0.03656429     0.00000000  -0.03656429    -0.09806042   0.00000000
    1    3
 -0.00490573   0.00000000     0.02654387  -0.00000000     0.00000000   0.02104999
  0.02654387  -0.00000000    -0.00490573   0.00000000    -0.00000000  -0.02104999
  0.00000000   0.01576752    -0.00000000  -0.01576752     0.04308557  -0.00000000
    1    4
 -0.02173500   0.01579140     0.04260128  -0.03095164    -0.00215635  -0.00296796
  0.02901057  -0.02107741    -0.06318444   0.04590618    -0.00182493  -0.00251180
  0.00431815   0.00594343     0.00311044   0.00428116    -0.02505166   0.01820109
    1    5
 -0.06318444  -0.04590618     0.02901057   0.02107741    -0.00182493   0.00251180
  0.04260128   0.03095164    -0.02173500  -0.01579140    -0.00215635   0.00296796
  0.00311044  -0.00428116     0.00431815  -0.00594343    -0.02505166  -0.01820109
    2    1
  0.03479696   0.00000000    -0.11259562   0.00000000     0.00000000  -0.03656429
 -0.11259562   0.00000000     0.03479696   0.00000000    -0.00000000   0.03656429
  0.00000000   0.00492745     0.00000000  -0.00492745    -0.09806042   0.00000000
    2    2
  0.34555145   0.00000000    -0.07795796   0.00000000     0.00000000   0.02663546
 -0.07795796   0.00000000     0.34555145   0.00000000     0.00000000  -0.02663546
  0.00000000  -0.02663546     0.00000000   0.02663546     0.72944159   0.00000000
    2    3
 -0.06673963   0.00000000     0.02291510   0.00000000     0.00000000  -0.02253289
  0.02291510   0.00000000    -0.06673963   0.00000000     0.00000000   0.02253289
  0.00000000  -0.00247135     0.00000000   0.00247135    -0.48481213   0.00000000
    2    4
 -0.04660476   0.03386034     0.06681297  -0.04854246     0.00376524   0.00518241
  0.03108140  -0.02258196    -0.12529624   0.09103304    -0.00721974  -0.00993712
 -0.00411164  -0.00565918     0.00434838   0.00598503    -0.04152963   0.03017304
    2    5
 -0.12529624  -0.09103304     0.03108140   0.02258196    -0.00721974   0.00993712
  0.06681297   0.04854246    -0.04660476  -0.03386034     0.00376524  -0.00518241
  0.00434838  -0.00598503    -0.00411164   0.00565918    -0.04152963  -0.03017304
    3    1
 -0.00490573  -0.00000000     0.02654387   0.00000000     0.00000000  -0.01576752
  0.02654387   0.00000000    -0.00490573  -0.00000000    -0.00000000   0.01576752
 -0.00000000  -0.02104999     0.00000000   0.02104999     0.04308557   0.00000000
    3    2
 -0.06673963   0.00000000     0.02291510   0.00000000     0.00000000   0.00247135
  0.02291510   0.00000000    -0.06673963   0.00000000     0.00000000  -0.00247135
  0.00000000   0.02253289     0.00000000  -0.02253289    -0.48481213   0.00000000
    3    3
  0.05763282   0.00000000    -0.01168645   0.00000000     0.00000000  -0.00024173
 -0.01168645   0.00000000     0.05763282   0.00000000     0.00000000   0.00024173
  0.00000000   0.00024173     0.00000000  -0.00024173     0.54810956   0.00000000
    3    4
  0.00765705  -0.00556317    -0.01273225   0.00925052     0.00705306   0.00970770
 -0.01738392   0.01263016     0.00627468  -0.00455882     0.00508533   0.00699935
  0.00396748   0.00546077     0.02972945   0.04091908    -0.03225580   0.02343521
    3    5
  0.00627468   0.00455882    -0.01738392  -0.01263016     0.00508533  -0.00699935
 -0.01273225  -0.00925052     0.00765705   0.00556317     0.00705306  -0.00970770
  0.02972945  -0.04091908     0.00396748  -0.00546077    -0.03225580  -0.02343521
    4    1
 -0.02173500  -0.01579140     0.02901057   0.02107741     0.00431815  -0.00594343
  0.04260128   0.03095164    -0.06318444  -0.04590618     0.00311044  -0.00428116
 -0.00215635   0.00296796    -0.00182493   0.00251180    -0.02505166  -0.01820109
    4    2
 -0.04660476  -0.03386034     0.03108140   0.02258196    -0.00411164   0.00565918
  0.06681297   0.04854246    -0.12529624  -0.09103304     0.00434838  -0.00598503
  0.00376524  -0.00518241    -0.00721974   0.00993712    -0.04152963  -0.03017304
    4    3
  0.00765705   0.00556317    -0.01738392  -0.01263016     0.00396748  -0.00546077
 -0.01273225  -0.00925052     0.00627468   0.00455882     0.02972945  -0.04091908
  0.00705306  -0.00970770     0.00508533  -0.00699935    -0.03225580  -0.02343521
    4    4
  0.15230176   0.00000000    -0.03777830   0.00000000     0.00000000   0.00590256
 -0.03777830   0.00000000     0.34713158   0.00000000     0.00000000   0.02985637
  0.00000000  -0.00590256     0.00000000  -0.02985637     0.10914323   0.00000000
    4    5
 -0.01167488  -0.03593159    -0.01906684  -0.05868171     0.00831203  -0.00270074
 -0.03556457  -0.10945649    -0.01167488  -0.03593159    -0.01175439   0.00381923
 -0.01175439   0.00381923     0.00831203  -0.00270074     0.00549953   0.01692582
    5    1
 -0.06318444   0.04590618     0.04260128  -0.03095164     0.00311044   0.00428116
  0.02901057  -0.02107741    -0.02173500   0.01579140     0.00431815   0.00594343
 -0.00182493  -0.00251180    -0.00215635  -0.00296796    -0.02505166   0.01820109
    5    2
 -0.12529624   0.09103304     0.06681297  -0.04854246     0.00434838   0.00598503
  0.03108140  -0.02258196    -0.04660476   0.03386034    -0.00411164  -0.00565918
 -0.00721974  -0.00993712     0.00376524   0.00518241    -0.04152963   0.03017304
    5    3
  0.00627468  -0.00455882    -0.01273225   0.00925052     0.02972945   0.04091908
 -0.01738392   0.01263016     0.00765705  -0.00556317     0.00396748   0.00546077
  0.00508533   0.00699935     0.00705306   0.00970770    -0.03225580   0.02343521
    5    4
 -0.01167488   0.03593159    -0.03556457   0.10945649    -0.01175439  -0.00381923
 -0.01906684   0.05868171    -0.01167488   0.03593159     0.00831203   0.00270074
  0.00831203   0.00270074    -0.01175439  -0.00381923     0.00549953  -0.01692582
    5    5
  0.34713158   0.00000000    -0.03777830   0.00000000     0.00000000  -0.02985637
 -0.03777830   0.00000000     0.15230176   0.00000000     0.00000000  -0.00590256
  0.00000000   0.02985637     0.00000000   0.00590256     0.10914323   0.00000000

     Dynamical  Matrix in cartesian axes

     q = (   -0.199096104   0.199096104   0.000000000 ) 

    1    1
  0.11465867   0.00000000    -0.04240595   0.00000000     0.00000000   0.00351302
 -0.04240595   0.00000000     0.11465867   0.00000000     0.00000000  -0.00351302
  0.00000000  -0.00351302     0.00000000   0.00351302     0.14165352   0.00000000
    1    2
  0.03479696  -0.00000000    -0.11259562   0.00000000     0.00000000   0.00492745
 -0.11259562   0.00000000     0.03479696  -0.00000000     0.00000000  -0.00492745
  0.00000000  -0.03656429     0.00000000   0.03656429    -0.09806042   0.00000000
    1    3
 -0.00490573   0.00000000     0.02654387  -0.00000000    -0.00000000  -0.02104999
  0.02654387  -0.00000000    -0.00490573   0.00000000     0.00000000   0.02104999
 -0.00000000  -0.01576752     0.00000000   0.01576752     0.04308557  -0.00000000
    1    4
 -0.02173500  -0.01579140     0.04260128   0.03095164    -0.00215635   0.00296796
  0.02901057   0.02107741    -0.06318444  -0.04590618    -0.00182493   0.00251180
  0.00431815  -0.00594343     0.00311044  -0.00428116    -0.02505166  -0.01820109
    1    5
 -0.06318444   0.04590618     0.02901057  -0.02107741    -0.00182493  -0.00251180
  0.04260128  -0.03095164    -0.02173500   0.01579140    -0.00215635  -0.00296796
  0.00311044   0.00428116     0.00431815   0.00594343    -0.02505166   0.01820109
    2    1
  0.03479696   0.00000000    -0.11259562   0.00000000    -0.00000000   0.03656429
 -0.11259562   0.00000000     0.03479696   0.00000000     0.00000000  -0.03656429
  0.00000000  -0.00492745     0.00000000   0.00492745    -0.09806042   0.00000000
    2    2
  0.34555145   0.00000000    -0.07795796   0.00000000     0.00000000  -0.02663546
 -0.07795796   0.00000000     0.34555145   0.00000000     0.00000000   0.02663546
  0.00000000   0.02663546     0.00000000  -0.02663546     0.72944159   0.00000000
    2    3
 -0.06673963   0.00000000     0.02291510   0.00000000     0.00000000   0.02253289
  0.02291510   0.00000000    -0.06673963   0.00000000     0.00000000  -0.02253289
  0.00000000   0.00247135     0.00000000  -0.00247135    -0.48481213   0.00000000
    2    4
 -0.04660476  -0.03386034     0.06681297   0.04854246     0.00376524  -0.00518241
  0.03108140   0.02258196    -0.12529624  -0.09103304    -0.00721974   0.00993712
 -0.00411164   0.00565918     0.00434838  -0.00598503    -0.04152963  -0.03017304
    2    5
 -0.12529624   0.09103304     0.03108140  -0.02258196    -0.00721974  -0.00993712
  0.06681297  -0.04854246    -0.04660476   0.03386034     0.00376524   0.00518241
  0.00434838   0.00598503    -0.00411164  -0.00565918    -0.04152963   0.03017304
    3    1
 -0.00490573  -0.00000000     0.02654387   0.00000000    -0.00000000   0.01576752
  0.02654387   0.00000000    -0.00490573  -0.00000000     0.00000000  -0.01576752
  0.00000000   0.02104999    -0.00000000  -0.02104999     0.04308557   0.00000000
    3    2
 -0.06673963   0.00000000     0.02291510   0.00000000     0.00000000  -0.00247135
  0.02291510   0.00000000    -0.06673963   0.00000000     0.00000000   0.00247135
  0.00000000  -0.02253289     0.00000000   0.02253289    -0.48481213   0.00000000
    3    3
  0.05763282   0.00000000    -0.01168645   0.00000000     0.00000000   0.00024173
 -0.01168645   0.00000000     0.05763282   0.00000000     0.00000000  -0.00024173
  0.00000000  -0.00024173     0.00000000   0.00024173     0.54810956   0.00000000
    3    4
  0.00765705   0.00556317    -0.01273225  -0.00925052     0.00705306  -0.00970770
 -0.01738392  -0.01263016     0.00627468   0.00455882     0.00508533  -0.00699935
  0.00396748  -0.00546077     0.02972945  -0.04091908    -0.03225580  -0.02343521
    3    5
  0.00627468  -0.00455882    -0.01738392   0.01263016     0.00508533   0.00699935
 -0.01273225   0.00925052     0.00765705  -0.00556317     0.00705306   0.00970770
  0.02972945   0.04091908     0.00396748   0.00546077    -0.03225580   0.02343521
    4    1
 -0.02173500   0.01579140     0.02901057  -0.02107741     0.00431815   0.00594343
  0.04260128  -0.03095164    -0.06318444   0.04590618     0.00311044   0.00428116
 -0.00215635  -0.00296796    -0.00182493  -0.00251180    -0.02505166   0.01820109
    4    2
 -0.04660476   0.03386034     0.03108140  -0.02258196    -0.00411164  -0.00565918
  0.06681297  -0.04854246    -0.12529624   0.09103304     0.00434838   0.00598503
  0.00376524   0.00518241    -0.00721974  -0.00993712    -0.04152963   0.03017304
    4    3
  0.00765705  -0.00556317    -0.01738392   0.01263016     0.00396748   0.00546077
 -0.01273225   0.00925052     0.00627468  -0.00455882     0.02972945   0.04091908
  0.00705306   0.00970770     0.00508533   0.00699935    -0.03225580   0.02343521
    4    4
  0.15230176   0.00000000    -0.03777830   0.00000000     0.00000000  -0.00590256
 -0.03777830   0.00000000     0.34713158   0.00000000     0.00000000  -0.02985637
  0.00000000   0.00590256     0.00000000   0.02985637     0.10914323   0.00000000
    4    5
 -0.01167488   0.03593159    -0.01906684   0.05868171     0.00831203   0.00270074
 -0.03556457   0.10945649    -0.01167488   0.03593159    -0.01175439  -0.00381923
 -0.01175439  -0.00381923     0.00831203   0.00270074     0.00549953  -0.01692582
    5    1
 -0.06318444  -0.04590618     0.04260128   0.03095164     0.00311044  -0.00428116
  0.02901057   0.02107741    -0.02173500  -0.01579140     0.00431815  -0.00594343
 -0.00182493   0.00251180    -0.00215635   0.00296796    -0.02505166  -0.01820109
    5    2
 -0.12529624  -0.09103304     0.06681297   0.04854246     0.00434838  -0.00598503
  0.03108140   0.02258196    -0.04660476  -0.03386034    -0.00411164   0.00565918
 -0.00721974   0.00993712     0.00376524  -0.00518241    -0.04152963  -0.03017304
    5    3
  0.00627468   0.00455882    -0.01273225  -0.00925052     0.02972945  -0.04091908
 -0.01738392  -0.01263016     0.00765705   0.00556317     0.00396748  -0.00546077
  0.00508533  -0.00699935     0.00705306  -0.00970770    -0.03225580  -0.02343521
    5    4
 -0.01167488  -0.03593159    -0.03556457  -0.10945649    -0.01175439   0.00381923
 -0.01906684  -0.05868171    -0.01167488  -0.03593159     0.00831203  -0.00270074
  0.00831203  -0.00270074    -0.01175439   0.00381923     0.00549953   0.01692582
    5    5
  0.34713158   0.00000000    -0.03777830   0.00000000     0.00000000   0.02985637
 -0.03777830   0.00000000     0.15230176   0.00000000     0.00000000   0.00590256
  0.00000000  -0.02985637     0.00000000  -0.00590256     0.10914323   0.00000000

     Dynamical  Matrix in cartesian axes

     q = (   -0.199096104  -0.199096104   0.000000000 ) 

    1    1
  0.11465867   0.00000000     0.04240595   0.00000000     0.00000000   0.00351302
  0.04240595   0.00000000     0.11465867   0.00000000     0.00000000   0.00351302
  0.00000000  -0.00351302     0.00000000  -0.00351302     0.14165352   0.00000000
    1    2
  0.01075285   0.03309388     0.03479396   0.10708480    -0.00468628   0.00152267
  0.03479396   0.10708480     0.01075285   0.03309388    -0.00468628   0.00152267
  0.03477471  -0.01129899     0.03477471  -0.01129899    -0.03030234  -0.09326100
    1    3
 -0.00151595  -0.00466563    -0.00820251  -0.02524472     0.02001973  -0.00650481
 -0.00820251  -0.02524472    -0.00151595  -0.00466563     0.02001973  -0.00650481
  0.01499581  -0.00487243     0.01499581  -0.00487243     0.01331417   0.04097681
    1    4
 -0.02173500  -0.01579140    -0.04260128  -0.03095164    -0.00215635   0.00296796
 -0.02901057  -0.02107741    -0.06318444  -0.04590618     0.00182493  -0.00251180
  0.00431815  -0.00594343    -0.00311044   0.00428116    -0.02505166  -0.01820109
    1    5
 -0.06318444  -0.04590618    -0.02901057  -0.02107741     0.00182493  -0.00251180
 -0.04260128  -0.03095164    -0.02173500  -0.01579140    -0.00215635   0.00296796
 -0.00311044   0.00428116     0.00431815  -0.00594343    -0.02505166  -0.01820109
    2    1
  0.01075285  -0.03309388     0.03479396  -0.10708480     0.03477471   0.01129899
  0.03479396  -0.10708480     0.01075285  -0.03309388     0.03477471   0.01129899
 -0.00468628  -0.00152267    -0.00468628  -0.00152267    -0.03030234   0.09326100
    2    2
  0.34555145   0.00000000     0.07795796   0.00000000     0.00000000  -0.02663546
  0.07795796   0.00000000     0.34555145   0.00000000     0.00000000  -0.02663546
  0.00000000   0.02663546     0.00000000   0.02663546     0.72944159   0.00000000
    2    3
 -0.06673963   0.00000000    -0.02291510   0.00000000     0.00000000   0.02253289
 -0.02291510   0.00000000    -0.06673963   0.00000000     0.00000000   0.02253289
  0.00000000   0.00247135     0.00000000   0.00247135    -0.48481213   0.00000000
    2    4
 -0.04660476   0.03386034    -0.06681297   0.04854246    -0.00376524  -0.00518241
 -0.03108140   0.02258196    -0.12529624   0.09103304    -0.00721974  -0.00993712
  0.00411164   0.00565918     0.00434838   0.00598503    -0.04152963   0.03017304
    2    5
 -0.12529624   0.09103304    -0.03108140   0.02258196    -0.00721974  -0.00993712
 -0.06681297   0.04854246    -0.04660476   0.03386034    -0.00376524  -0.00518241
  0.00434838   0.00598503     0.00411164   0.00565918    -0.04152963   0.03017304
    3    1
 -0.00151595   0.00466563    -0.00820251   0.02524472     0.01499581   0.00487243
 -0.00820251   0.02524472    -0.00151595   0.00466563     0.01499581   0.00487243
  0.02001973   0.00650481     0.02001973   0.00650481     0.01331417  -0.04097681
    3    2
 -0.06673963   0.00000000    -0.02291510   0.00000000     0.00000000  -0.00247135
 -0.02291510   0.00000000    -0.06673963   0.00000000     0.00000000  -0.00247135
  0.00000000  -0.02253289     0.00000000  -0.02253289    -0.48481213   0.00000000
    3    3
  0.05763282   0.00000000     0.01168645   0.00000000     0.00000000   0.00024173
  0.01168645   0.00000000     0.05763282   0.00000000     0.00000000   0.00024173
  0.00000000  -0.00024173     0.00000000  -0.00024173     0.54810956   0.00000000
    3    4
  0.00765705  -0.00556317     0.01273225  -0.00925052    -0.00705306  -0.00970770
  0.01738392  -0.01263016     0.00627468  -0.00455882     0.00508533   0.00699935
 -0.00396748  -0.00546077     0.02972945   0.04091908    -0.03225580   0.02343521
    3    5
  0.00627468  -0.00455882     0.01738392  -0.01263016     0.00508533   0.00699935
  0.01273225  -0.00925052     0.00765705  -0.00556317    -0.00705306  -0.00970770
  0.02972945   0.04091908    -0.00396748  -0.00546077    -0.03225580   0.02343521
    4    1
 -0.02173500   0.01579140    -0.02901057   0.02107741     0.00431815   0.00594343
 -0.04260128   0.03095164    -0.06318444   0.04590618    -0.00311044  -0.00428116
 -0.00215635  -0.00296796     0.00182493   0.00251180    -0.02505166   0.01820109
    4    2
 -0.04660476  -0.03386034    -0.03108140  -0.02258196     0.00411164  -0.00565918
 -0.06681297  -0.04854246    -0.12529624  -0.09103304     0.00434838  -0.00598503
 -0.00376524   0.00518241    -0.00721974   0.00993712    -0.04152963  -0.03017304
    4    3
  0.00765705   0.00556317     0.01738392   0.01263016    -0.00396748   0.00546077
  0.01273225   0.00925052     0.00627468   0.00455882     0.02972945  -0.04091908
 -0.00705306   0.00970770     0.00508533  -0.00699935    -0.03225580  -0.02343521
    4    4
  0.15230176   0.00000000     0.03777830   0.00000000     0.00000000  -0.00590256
  0.03777830   0.00000000     0.34713158   0.00000000     0.00000000   0.02985637
  0.00000000   0.00590256     0.00000000  -0.02985637     0.10914323   0.00000000
    4    5
 -0.03778071   0.00000000     0.06170160   0.00000000     0.00000000   0.00873978
  0.11508936   0.00000000    -0.03778071   0.00000000     0.00000000   0.01235929
  0.00000000  -0.01235929     0.00000000  -0.00873978     0.01779686   0.00000000
    5    1
 -0.06318444   0.04590618    -0.04260128   0.03095164    -0.00311044  -0.00428116
 -0.02901057   0.02107741    -0.02173500   0.01579140     0.00431815   0.00594343
  0.00182493   0.00251180    -0.00215635  -0.00296796    -0.02505166   0.01820109
    5    2
 -0.12529624  -0.09103304    -0.06681297  -0.04854246     0.00434838  -0.00598503
 -0.03108140  -0.02258196    -0.04660476  -0.03386034     0.00411164  -0.00565918
 -0.00721974   0.00993712    -0.00376524   0.00518241    -0.04152963  -0.03017304
    5    3
  0.00627468   0.00455882     0.01273225   0.00925052     0.02972945  -0.04091908
  0.01738392   0.01263016     0.00765705   0.00556317    -0.00396748   0.00546077
  0.00508533  -0.00699935    -0.00705306   0.00970770    -0.03225580  -0.02343521
    5    4
 -0.03778071   0.00000000     0.11508936   0.00000000     0.00000000   0.01235929
  0.06170160   0.00000000    -0.03778071   0.00000000     0.00000000   0.00873978
  0.00000000  -0.00873978     0.00000000  -0.01235929     0.01779686   0.00000000
    5    5
  0.34713158   0.00000000     0.03777830   0.00000000     0.00000000   0.02985637
  0.03777830   0.00000000     0.15230176   0.00000000     0.00000000  -0.00590256
  0.00000000  -0.02985637     0.00000000   0.00590256     0.10914323   0.00000000

     Diagonalizing the dynamical matrix

     q = (    0.199096104   0.199096104   0.000000000 ) 

 **************************************************************************
     freq (    1) =       1.785153 [THz] =      59.546304 [cm-1]
 ( -0.301676 -0.415221  0.301676  0.415221 -0.000000 -0.000000 ) 
 (  0.160805 -0.221330 -0.160805  0.221330  0.000000 -0.000000 ) 
 (  0.105211 -0.144810 -0.105211  0.144810  0.000000 -0.000000 ) 
 ( -0.000000 -0.256388  0.000000  0.241320  0.075687 -0.000000 ) 
 ( -0.000000 -0.241320  0.000000  0.256388 -0.075687  0.000000 ) 
     freq (    2) =       1.936167 [THz] =      64.583565 [cm-1]
 (  0.061732  0.084967  0.061732  0.084967 -0.455798  0.331157 ) 
 (  0.071632 -0.098592  0.071632 -0.098592 -0.286750 -0.208336 ) 
 (  0.125585 -0.172853  0.125585 -0.172853 -0.279546 -0.203102 ) 
 (  0.000000 -0.017137 -0.000000 -0.007187 -0.383277 -0.000000 ) 
 (  0.000000 -0.007187 -0.000000 -0.017137 -0.383277  0.000000 ) 
     freq (    3) =       2.710870 [THz] =      90.424875 [cm-1]
 (  0.055471  0.076349 -0.055471 -0.076349 -0.000000  0.000000 ) 
 (  0.084114 -0.115774 -0.084114  0.115774 -0.000000 -0.000000 ) 
 (  0.303956 -0.418360 -0.303956  0.418360 -0.000000 -0.000000 ) 
 (  0.000000 -0.339172 -0.000000  0.187821  0.229969  0.000000 ) 
 ( -0.000000 -0.187821 -0.000000  0.339172 -0.229969  0.000000 ) 
     freq (    4) =       2.871752 [THz] =      95.791340 [cm-1]
 ( -0.360620 -0.496350 -0.360620 -0.496350 -0.180603  0.131216 ) 
 ( -0.022155  0.030494 -0.022155  0.030494  0.033572  0.024392 ) 
 (  0.108313 -0.149080  0.108313 -0.149080  0.100469  0.072995 ) 
 (  0.000000 -0.150039  0.000000 -0.166624 -0.066688 -0.000000 ) 
 (  0.000000 -0.166624  0.000000 -0.150039 -0.066688  0.000000 ) 
     freq (    5) =       4.385214 [THz] =     146.274981 [cm-1]
 (  0.020061  0.027612  0.020061  0.027612 -0.049293  0.035813 ) 
 (  0.147829 -0.203470  0.147829 -0.203470  0.263347  0.191333 ) 
 (  0.273460 -0.376385  0.273460 -0.376385  0.282766  0.205441 ) 
 ( -0.000000 -0.037931  0.000000 -0.118227  0.296313 -0.000000 ) 
 ( -0.000000 -0.118227 -0.000000 -0.037931  0.296313  0.000000 ) 
     freq (    6) =       6.309418 [THz] =     210.459538 [cm-1]
 ( -0.016259 -0.022378 -0.016259 -0.022378  0.183252 -0.133140 ) 
 (  0.087448 -0.120362  0.087448 -0.120362 -0.245687 -0.178502 ) 
 (  0.297992 -0.410151  0.297992 -0.410151 -0.295201 -0.214476 ) 
 ( -0.000000  0.001223  0.000000 -0.047559 -0.281915 -0.000000 ) 
 ( -0.000000 -0.047559  0.000000  0.001223 -0.281915  0.000000 ) 
     freq (    7) =       7.056040 [THz] =     235.364160 [cm-1]
 ( -0.016901 -0.023262  0.016901  0.023262 -0.000000  0.000000 ) 
 ( -0.011188  0.015399  0.011188 -0.015399  0.000000 -0.000000 ) 
 (  0.275264 -0.378868 -0.275264  0.378868  0.000000 -0.000000 ) 
 ( -0.000000  0.483865  0.000000 -0.207829 -0.046698 -0.000000 ) 
 ( -0.000000  0.207829  0.000000 -0.483865  0.046698  0.000000 ) 
     freq (    8) =       8.102553 [THz] =     270.272088 [cm-1]
 (  0.030064  0.041379 -0.030064 -0.041379  0.000000 -0.000000 ) 
 (  0.177874 -0.244823 -0.177874  0.244823  0.000000  0.000000 ) 
 ( -0.015626  0.021507  0.015626 -0.021507  0.000000 -0.000000 ) 
 (  0.000000  0.041178  0.000000  0.042925 -0.633689 -0.000000 ) 
 (  0.000000 -0.042925  0.000000 -0.041178  0.633689  0.000000 ) 
     freq (    9) =       8.200143 [THz] =     273.527314 [cm-1]
 (  0.005571  0.007668  0.005571  0.007668 -0.030476  0.022142 ) 
 ( -0.176331  0.242699 -0.176331  0.242699 -0.004313 -0.003134 ) 
 (  0.261623 -0.360093  0.261623 -0.360093  0.010186  0.007400 ) 
 ( -0.000000  0.352523 -0.000000  0.241276  0.168853  0.000000 ) 
 ( -0.000000  0.241276 -0.000000  0.352523  0.168853  0.000000 ) 
     freq (   10) =       9.327111 [THz] =     311.118929 [cm-1]
 (  0.020810  0.028643 -0.020810 -0.028643  0.000000  0.000000 ) 
 (  0.170613 -0.234829 -0.170613  0.234829 -0.000000 -0.000000 ) 
 ( -0.156228  0.215030  0.156228 -0.215030 -0.000000 -0.000000 ) 
 ( -0.000000  0.351052  0.000000 -0.003016  0.469682 -0.000000 ) 
 ( -0.000000  0.003016 -0.000000 -0.351052 -0.469682  0.000000 ) 
     freq (   11) =      11.044296 [THz] =     368.398062 [cm-1]
 ( -0.009892 -0.013615 -0.009892 -0.013615 -0.011490  0.008348 ) 
 (  0.035175 -0.048415  0.035175 -0.048415 -0.244027 -0.177296 ) 
 ( -0.032886  0.045264 -0.032886  0.045264 -0.228918 -0.166318 ) 
 (  0.000000 -0.134589  0.000000  0.083900  0.618245 -0.000000 ) 
 ( -0.000000  0.083900 -0.000000 -0.134589  0.618245  0.000000 ) 
     freq (   12) =      13.458448 [THz] =     448.925498 [cm-1]
 (  0.015698  0.021606  0.015698  0.021606  0.002262 -0.001643 ) 
 ( -0.080072  0.110210 -0.080072  0.110210  0.047803  0.034731 ) 
 (  0.098525 -0.135609  0.098525 -0.135609  0.008655  0.006288 ) 
 ( -0.000000 -0.647870  0.000000  0.166575 -0.057817 -0.000000 ) 
 (  0.000000  0.166575 -0.000000 -0.647870 -0.057817  0.000000 ) 
     freq (   13) =      14.213019 [THz] =     474.095270 [cm-1]
 (  0.003925  0.005403 -0.003925 -0.005403 -0.000000  0.000000 ) 
 ( -0.045422  0.062518  0.045422 -0.062518 -0.000000 -0.000000 ) 
 (  0.005499 -0.007569 -0.005499  0.007569 -0.000000  0.000000 ) 
 ( -0.000000  0.260106 -0.000000  0.651264 -0.045786 -0.000000 ) 
 (  0.000000 -0.651264  0.000000 -0.260106  0.045786  0.000000 ) 
     freq (   14) =      19.550784 [THz] =     652.143961 [cm-1]
 (  0.019136  0.026338  0.019136  0.026338  0.000873 -0.000634 ) 
 ( -0.087321  0.120187 -0.087321  0.120187 -0.115563 -0.083961 ) 
 (  0.042282 -0.058196  0.042282 -0.058196  0.174700  0.126927 ) 
 ( -0.000000 -0.070466  0.000000 -0.653928  0.074765  0.000000 ) 
 (  0.000000 -0.653928  0.000000 -0.070466  0.074765  0.000000 ) 
     freq (   15) =      23.380819 [THz] =     779.900166 [cm-1]
 (  0.001469  0.002023  0.001469  0.002023 -0.011579  0.008412 ) 
 ( -0.026344  0.036259 -0.026344  0.036259  0.238076  0.172972 ) 
 (  0.006555 -0.009022  0.006555 -0.009022 -0.731404 -0.531396 ) 
 ( -0.000000  0.006348 -0.000000 -0.207789  0.050747 -0.000000 ) 
 ( -0.000000 -0.207789 -0.000000  0.006348  0.050747  0.000000 ) 
 **************************************************************************
